2019/05/07-16:30:42.225851 710c RocksDB version: 5.14.2
2019/05/07-16:30:42.225929 710c Git sha rocksdb_build_git_sha:@5089e121166c46956a8a21c8ef967f1896c239de@
2019/05/07-16:30:42.225956 710c Compile date Jul  6 2018
2019/05/07-16:30:42.225977 710c DB SUMMARY
2019/05/07-16:30:42.226124 710c SST files in C:\git\study\elasticsearch-demo\crawl\link dir, Total Num: 0, files: 
2019/05/07-16:30:42.226148 710c Write Ahead Log file in C:\git\study\elasticsearch-demo\crawl\link: 
2019/05/07-16:30:42.226168 710c                         Options.error_if_exists: 0
2019/05/07-16:30:42.226188 710c                       Options.create_if_missing: 1
2019/05/07-16:30:42.226206 710c                         Options.paranoid_checks: 1
2019/05/07-16:30:42.226226 710c                                     Options.env: 000000000085CB10
2019/05/07-16:30:42.226483 710c                                Options.info_log: 00000000210E0D10
2019/05/07-16:30:42.226501 710c                Options.max_file_opening_threads: 16
2019/05/07-16:30:42.226509 710c                              Options.statistics: 0000000000000000
2019/05/07-16:30:42.226518 710c                               Options.use_fsync: 0
2019/05/07-16:30:42.226531 710c                       Options.max_log_file_size: 0
2019/05/07-16:30:42.226541 710c                  Options.max_manifest_file_size: 18446744073709551615
2019/05/07-16:30:42.226552 710c                   Options.log_file_time_to_roll: 0
2019/05/07-16:30:42.226562 710c                       Options.keep_log_file_num: 1000
2019/05/07-16:30:42.226573 710c                    Options.recycle_log_file_num: 0
2019/05/07-16:30:42.226581 710c                         Options.allow_fallocate: 1
2019/05/07-16:30:42.226589 710c                        Options.allow_mmap_reads: 0
2019/05/07-16:30:42.226596 710c                       Options.allow_mmap_writes: 0
2019/05/07-16:30:42.226604 710c                        Options.use_direct_reads: 0
2019/05/07-16:30:42.226611 710c                        Options.use_direct_io_for_flush_and_compaction: 0
2019/05/07-16:30:42.226619 710c          Options.create_missing_column_families: 0
2019/05/07-16:30:42.226627 710c                              Options.db_log_dir: 
2019/05/07-16:30:42.226635 710c                                 Options.wal_dir: C:\git\study\elasticsearch-demo\crawl\link
2019/05/07-16:30:42.226643 710c                Options.table_cache_numshardbits: 6
2019/05/07-16:30:42.226650 710c                      Options.max_subcompactions: 1
2019/05/07-16:30:42.226658 710c                  Options.max_background_flushes: -1
2019/05/07-16:30:42.226665 710c                         Options.WAL_ttl_seconds: 0
2019/05/07-16:30:42.226672 710c                       Options.WAL_size_limit_MB: 0
2019/05/07-16:30:42.226680 710c             Options.manifest_preallocation_size: 4194304
2019/05/07-16:30:42.226687 710c                     Options.is_fd_close_on_exec: 1
2019/05/07-16:30:42.226695 710c                   Options.advise_random_on_open: 1
2019/05/07-16:30:42.226702 710c                    Options.db_write_buffer_size: 0
2019/05/07-16:30:42.226709 710c                    Options.write_buffer_manager: 00000000210CC430
2019/05/07-16:30:42.226717 710c         Options.access_hint_on_compaction_start: 1
2019/05/07-16:30:42.226724 710c  Options.new_table_reader_for_compaction_inputs: 0
2019/05/07-16:30:42.226732 710c           Options.random_access_max_buffer_size: 1048576
2019/05/07-16:30:42.226739 710c                      Options.use_adaptive_mutex: 0
2019/05/07-16:30:42.226746 710c                            Options.rate_limiter: 0000000000000000
2019/05/07-16:30:42.226754 710c     Options.sst_file_manager.rate_bytes_per_sec: 0
2019/05/07-16:30:42.226762 710c                       Options.wal_recovery_mode: 2
2019/05/07-16:30:42.226770 710c                  Options.enable_thread_tracking: 0
2019/05/07-16:30:42.226778 710c                  Options.enable_pipelined_write: 0
2019/05/07-16:30:42.226786 710c         Options.allow_concurrent_memtable_write: 1
2019/05/07-16:30:42.226795 710c      Options.enable_write_thread_adaptive_yield: 1
2019/05/07-16:30:42.226884 710c             Options.write_thread_max_yield_usec: 100
2019/05/07-16:30:42.226903 710c            Options.write_thread_slow_yield_usec: 3
2019/05/07-16:30:42.226911 710c                               Options.row_cache: None
2019/05/07-16:30:42.226919 710c                              Options.wal_filter: None
2019/05/07-16:30:42.226929 710c             Options.avoid_flush_during_recovery: 0
2019/05/07-16:30:42.226940 710c             Options.allow_ingest_behind: 0
2019/05/07-16:30:42.226951 710c             Options.preserve_deletes: 0
2019/05/07-16:30:42.226963 710c             Options.two_write_queues: 0
2019/05/07-16:30:42.226982 710c             Options.manual_wal_flush: 0
2019/05/07-16:30:42.226993 710c             Options.max_background_jobs: 2
2019/05/07-16:30:42.227004 710c             Options.max_background_compactions: -1
2019/05/07-16:30:42.227015 710c             Options.avoid_flush_during_shutdown: 0
2019/05/07-16:30:42.227023 710c           Options.writable_file_max_buffer_size: 1048576
2019/05/07-16:30:42.227031 710c             Options.delayed_write_rate : 16777216
2019/05/07-16:30:42.227038 710c             Options.max_total_wal_size: 0
2019/05/07-16:30:42.227047 710c             Options.delete_obsolete_files_period_micros: 21600000000
2019/05/07-16:30:42.227054 710c                   Options.stats_dump_period_sec: 600
2019/05/07-16:30:42.227062 710c                          Options.max_open_files: -1
2019/05/07-16:30:42.227070 710c                          Options.bytes_per_sync: 0
2019/05/07-16:30:42.227077 710c                      Options.wal_bytes_per_sync: 0
2019/05/07-16:30:42.227085 710c       Options.compaction_readahead_size: 0
2019/05/07-16:30:42.227093 710c Compression algorithms supported:
2019/05/07-16:30:42.227102 710c 	kZSTD supported: 0
2019/05/07-16:30:42.227110 710c 	kSnappyCompression supported: 0
2019/05/07-16:30:42.227118 710c 	kBZip2Compression supported: 0
2019/05/07-16:30:42.227127 710c 	kZlibCompression supported: 0
2019/05/07-16:30:42.227135 710c 	kLZ4Compression supported: 0
2019/05/07-16:30:42.227142 710c 	kXpressCompression supported: 0
2019/05/07-16:30:42.227149 710c 	kLZ4HCCompression supported: 0
2019/05/07-16:30:42.227158 710c 	kZSTDNotFinalCompression supported: 0
2019/05/07-16:30:42.227177 710c Fast CRC32 supported: Supported on x86
2019/05/07-16:30:42.229028 710c [c:\users\aretter\code\rocksdb\db\db_impl_open.cc:222] Creating manifest 1 
2019/05/07-16:30:42.249556 710c [c:\users\aretter\code\rocksdb\db\version_set.cc:3085] Recovering from manifest file: MANIFEST-000001
2019/05/07-16:30:42.249669 710c [c:\users\aretter\code\rocksdb\db\column_family.cc:475] --------------- Options for column family [default]:
2019/05/07-16:30:42.249681 710c               Options.comparator: leveldb.BytewiseComparator
2019/05/07-16:30:42.249689 710c           Options.merge_operator: None
2019/05/07-16:30:42.249696 710c        Options.compaction_filter: None
2019/05/07-16:30:42.249703 710c        Options.compaction_filter_factory: None
2019/05/07-16:30:42.249710 710c         Options.memtable_factory: SkipListFactory
2019/05/07-16:30:42.249717 710c            Options.table_factory: BlockBasedTable
2019/05/07-16:30:42.249760 710c            table_factory options:   flush_block_policy_factory: FlushBlockBySizePolicyFactory (00000000210E3F90)
  cache_index_and_filter_blocks: 0
  cache_index_and_filter_blocks_with_high_priority: 0
  pin_l0_filter_and_index_blocks_in_cache: 0
  index_type: 0
  hash_index_allow_collision: 1
  checksum: 1
  no_block_cache: 0
  block_cache: 000000002144C9E0
  block_cache_name: LRUCache
  block_cache_options:
    capacity : 8388608
    num_shard_bits : 4
    strict_capacity_limit : 0
    high_pri_pool_ratio: 0.000
  block_cache_compressed: 0000000000000000
  persistent_cache: 0000000000000000
  block_size: 4096
  block_size_deviation: 10
  block_restart_interval: 16
  index_block_restart_interval: 1
  metadata_block_size: 4096
  partition_filters: 0
  use_delta_encoding: 1
  filter_policy: nullptr
  whole_key_filtering: 1
  verify_compression: 0
  read_amp_bytes_per_bit: 0
  format_version: 2
  enable_index_compression: 1
  block_align: 0
2019/05/07-16:30:42.249818 710c        Options.write_buffer_size: 67108864
2019/05/07-16:30:42.249829 710c  Options.max_write_buffer_number: 2
2019/05/07-16:30:42.249836 710c          Options.compression: NoCompression
2019/05/07-16:30:42.249844 710c                  Options.bottommost_compression: Disabled
2019/05/07-16:30:42.249851 710c       Options.prefix_extractor: nullptr
2019/05/07-16:30:42.249858 710c   Options.memtable_insert_with_hint_prefix_extractor: nullptr
2019/05/07-16:30:42.249865 710c             Options.num_levels: 7
2019/05/07-16:30:42.249873 710c        Options.min_write_buffer_number_to_merge: 1
2019/05/07-16:30:42.249880 710c     Options.max_write_buffer_number_to_maintain: 0
2019/05/07-16:30:42.249887 710c            Options.compression_opts.window_bits: -14
2019/05/07-16:30:42.249894 710c                  Options.compression_opts.level: -1
2019/05/07-16:30:42.249902 710c               Options.compression_opts.strategy: 0
2019/05/07-16:30:42.249909 710c         Options.compression_opts.max_dict_bytes: 0
2019/05/07-16:30:42.249916 710c         Options.compression_opts.zstd_max_train_bytes: 0
2019/05/07-16:30:42.249924 710c      Options.level0_file_num_compaction_trigger: 4
2019/05/07-16:30:42.249931 710c          Options.level0_slowdown_writes_trigger: 20
2019/05/07-16:30:42.249938 710c              Options.level0_stop_writes_trigger: 36
2019/05/07-16:30:42.249946 710c                   Options.target_file_size_base: 67108864
2019/05/07-16:30:42.249953 710c             Options.target_file_size_multiplier: 1
2019/05/07-16:30:42.249960 710c                Options.max_bytes_for_level_base: 268435456
2019/05/07-16:30:42.249968 710c Options.level_compaction_dynamic_level_bytes: 0
2019/05/07-16:30:42.249975 710c          Options.max_bytes_for_level_multiplier: 10.000000
2019/05/07-16:30:42.249984 710c Options.max_bytes_for_level_multiplier_addtl[0]: 1
2019/05/07-16:30:42.249992 710c Options.max_bytes_for_level_multiplier_addtl[1]: 1
2019/05/07-16:30:42.249999 710c Options.max_bytes_for_level_multiplier_addtl[2]: 1
2019/05/07-16:30:42.250006 710c Options.max_bytes_for_level_multiplier_addtl[3]: 1
2019/05/07-16:30:42.250014 710c Options.max_bytes_for_level_multiplier_addtl[4]: 1
2019/05/07-16:30:42.250021 710c Options.max_bytes_for_level_multiplier_addtl[5]: 1
2019/05/07-16:30:42.250028 710c Options.max_bytes_for_level_multiplier_addtl[6]: 1
2019/05/07-16:30:42.250035 710c       Options.max_sequential_skip_in_iterations: 8
2019/05/07-16:30:42.250043 710c                    Options.max_compaction_bytes: 1677721600
2019/05/07-16:30:42.250051 710c                        Options.arena_block_size: 8388608
2019/05/07-16:30:42.250058 710c   Options.soft_pending_compaction_bytes_limit: 68719476736
2019/05/07-16:30:42.250065 710c   Options.hard_pending_compaction_bytes_limit: 274877906944
2019/05/07-16:30:42.250072 710c       Options.rate_limit_delay_max_milliseconds: 100
2019/05/07-16:30:42.250080 710c                Options.disable_auto_compactions: 0
2019/05/07-16:30:42.250088 710c                        Options.compaction_style: kCompactionStyleLevel
2019/05/07-16:30:42.250096 710c                          Options.compaction_pri: kByCompensatedSize
2019/05/07-16:30:42.250103 710c Options.compaction_options_universal.size_ratio: 1
2019/05/07-16:30:42.250111 710c Options.compaction_options_universal.min_merge_width: 2
2019/05/07-16:30:42.250118 710c Options.compaction_options_universal.max_merge_width: 4294967295
2019/05/07-16:30:42.250126 710c Options.compaction_options_universal.max_size_amplification_percent: 200
2019/05/07-16:30:42.250133 710c Options.compaction_options_universal.compression_size_percent: -1
2019/05/07-16:30:42.250141 710c Options.compaction_options_universal.stop_style: kCompactionStopStyleTotalSize
2019/05/07-16:30:42.250149 710c Options.compaction_options_fifo.max_table_files_size: 1073741824
2019/05/07-16:30:42.250156 710c Options.compaction_options_fifo.allow_compaction: 0
2019/05/07-16:30:42.250166 710c Options.compaction_options_fifo.ttl: 0
2019/05/07-16:30:42.250175 710c                   Options.table_properties_collectors: 
2019/05/07-16:30:42.250182 710c                   Options.inplace_update_support: 0
2019/05/07-16:30:42.250189 710c                 Options.inplace_update_num_locks: 10000
2019/05/07-16:30:42.250197 710c               Options.memtable_prefix_bloom_size_ratio: 0.000000
2019/05/07-16:30:42.250205 710c   Options.memtable_huge_page_size: 0
2019/05/07-16:30:42.250212 710c                           Options.bloom_locality: 0
2019/05/07-16:30:42.250219 710c                    Options.max_successive_merges: 0
2019/05/07-16:30:42.250226 710c                Options.optimize_filters_for_hits: 0
2019/05/07-16:30:42.250234 710c                Options.paranoid_file_checks: 0
2019/05/07-16:30:42.250241 710c                Options.force_consistency_checks: 0
2019/05/07-16:30:42.250248 710c                Options.report_bg_io_stats: 0
2019/05/07-16:30:42.250255 710c                               Options.ttl: 0
2019/05/07-16:30:42.251944 710c [c:\users\aretter\code\rocksdb\db\version_set.cc:3361] Recovered from manifest file:C:\git\study\elasticsearch-demo\crawl\link/MANIFEST-000001 succeeded,manifest_file_number is 1, next_file_number is 3, last_sequence is 0, log_number is 0,prev_log_number is 0,max_column_family is 0,min_log_number_to_keep is 0
2019/05/07-16:30:42.251966 710c [c:\users\aretter\code\rocksdb\db\version_set.cc:3369] Column family [default] (ID 0), log number is 0
2019/05/07-16:30:42.263105 710c [c:\users\aretter\code\rocksdb\db\db_impl_open.cc:1219] DB pointer 00000000214B7000
